1.00
2.00
2.00
1.00
2.00
2.00
2.00
1.00
1.00
1.00
1.00
2.00
2.00
1.00
1.00
1.00
1.00
2.00
1.00
1.00
1.00
1.00
1.00
1.62
3.00
2.50
2.25
1.25
1.75
2.00
1.50
1.50
1.75
2.75
1.50
2.50
1.75
2.25
2.50
2.00
2.50
1.75
2.50
1.75
2.75
2.50
3.00
3.00
1.75
3.00
2.75
2.00
1.50
1.50
2.75
1.75
1.75
2.75
2.00
1.75
2.50
1.50
2.50
3.00
2.75
2.75
2.25
2.25
2.00
2.75
2.50
2.00
2.00
3.75
3.50
2.50
2.00
3.00
1.75
2.50
2.25
2.25
2.75
2.50
3.00
2.00
2.25
3.25
2.50
3.25
3.25
2.50
3.50
2.75
2.75
2.25
1.75
3.25
3.25
2.25
2.00
2.75
3.50
2.75
2.75
2.25
2.25
1.75
1.75
3.25
2.50
2.50
2.50
3.00
2.75
2.50
2.25
2.25
2.75
3.25
3.00
2.75
2.75
3.50
3.25
3.00
2.50
3.25
3.75
4.00
3.00
2.75
3.75
2.00
3.75
2.50
3.75
2.75
3.00
3.00
2.75
3.50
3.50
3.25
2.50
2.75
2.75
3.25
2.75
2.50
3.00
2.75
3.00
2.00
2.75
3.00
3.50
3.00
4.00
2.25
3.00
3.25
3.50
2.50
3.75
3.75
3.25
4.00
3.50
2.50
3.00
2.75
3.50
2.75
3.25
3.50
3.75
3.75
2.50
3.50
2.75
3.25
3.50
2.75
3.50
3.50
3.75
3.00
4.00
4.00
3.75
2.50
3.50
3.25
3.00
3.25
2.00
2.00
1.80
1.75
2.75
3.00
2.60
1.75
2.00
2.25
2.75
1.75
1.75
2.25
2.00
2.50
2.50
2.50
2.00
2.50
1.33
1.20
2.00
1.75
1.25
3.00
1.75
2.00
1.50
2.00
1.75
2.00
1.50
2.75
2.33
1.60
2.50
2.00
1.75
1.75
2.00
2.00
2.25
2.75
2.00
1.75
2.25
2.75
2.25
2.00
2.75
3.00
2.50
1.50
2.50
3.25
1.50
2.50
3.25
2.25
2.25
2.75
2.00
1.75
2.25
2.00
2.75
2.50
2.75
2.25
3.00
2.25
3.00
2.75
2.50
2.25
2.00
3.25
2.50
1.50
3.25
2.50
2.50
3.50
2.50
2.50
1.50
2.50
2.25
3.00
3.50
2.50
2.75
1.75
2.75
2.00
3.25
3.00
2.25
2.25
1.75
2.50
2.25
2.50
2.50
2.50
2.50
3.25
2.75
2.75
3.25
3.50
3.25
4.00
2.25
3.00
3.00
3.50
1.75
3.25
2.75
3.50
2.25
1.75
2.50
2.25
2.75
3.25
3.00
2.00
3.00
2.50
3.25
2.75
3.00
2.00
3.75
2.50
2.75
2.50
3.25
2.00
2.25
2.25
3.00
2.50
3.25
2.75
2.75
2.75
2.50
2.50
3.25
2.00
3.25
2.50
2.50
1.75
2.75
2.50
3.00
3.00
3.00
3.25
3.50
3.00
1.50
2.75
2.75
3.00
2.75
3.00
3.25
3.00
2.50
2.75
3.25
3.00
2.00
3.25
2.50
2.50
3.00
3.00
2.75
3.50
2.75
3.00
2.00
3.75
3.00
3.50
2.75
3.25
3.25
2.50
2.25
2.00
1.75
3.00
1.67
2.50
2.25
2.00
1.50
1.75
1.25
2.00
2.25
2.00
1.75
3.25
2.75
3.25
3.00
2.25
2.75
2.50
3.00
2.75
2.00
2.25
3.25
3.00
3.50
2.75
2.25
2.75
2.50
3.25
2.75
2.50
3.00
3.00
3.00
2.25
2.00
1.83
1.75
2.75
2.25
3.00
3.25
2.25
2.50
2.00
2.75
2.25
2.25
2.00
2.50
1.50
2.75
3.00
2.50
2.50
2.75
3.00
2.75
3.75
3.25
2.75
2.75
2.50
3.50
3.25
3.50
2.75
3.00
3.00
2.50
2.50
3.00
3.00
3.00
2.50
2.25
3.00
3.50
2.75
3.00
3.00
2.50
3.00
3.25
3.00
1.75
2.75
3.25
1.75
1.75
1.75
2.75
2.50
2.00
3.50
3.25
3.75
2.50
2.50
3.50
2.50
3.00
2.75
3.00
3.25
3.50
3.00
3.75
3.50
3.25
3.00
2.50
3.25
3.75
3.25
3.50
3.25
2.75
3.25
3.50
3.00
2.75
3.00
3.75
2.50
2.75
3.00
3.25
3.00
3.75
3.50
3.50
3.50
4.00
3.25
4.00
3.25
3.00
3.00
3.25
3.00
3.75
3.25
3.75
3.50
4.00
3.25
4.00
3.75
2.75
3.75
3.50
3.25
3.00
3.25
4.00
3.25
3.50
3.75
3.25
2.75
3.50
3.25
3.33
4.00
3.33
2.33
3.00
3.50
2.50
3.50
2.00
3.50
4.00
3.50
4.00
4.00
3.00
4.00
4.00
2.50
4.00
4.00
3.00
3.50
3.00
4.00
3.50
2.00
3.00
2.50
3.50
3.00
3.50
4.00
1.00
4.00
2.00
2.00
1.00
3.00
1.00
2.00
3.00
3.00
1.00
1.00
3.00
4.00
2.00
2.00
1.00
1.00
3.00
4.00
4.00
4.00
4.00
2.00
2.00
1.00
4.00
4.00
4.00
1.00
4.00
4.00
4.00
2.00
1.00
2.00
1.00
1.00
4.00
4.00
3.00
3.00
2.00
4.00
