1.00
2.00
2.00
1.00
2.00
2.00
2.00
1.00
1.00
1.00
1.00
2.00
2.00
1.00
1.00
1.00
1.00
2.00
1.00
1.00
1.00
1.00
1.00
1.42
1.88
2.19
1.94
1.88
1.75
1.81
1.50
2.00
2.12
1.88
2.06
2.06
1.75
2.19
2.12
1.94
2.44
2.00
1.88
2.50
2.19
2.56
2.69
2.69
2.38
2.25
2.44
1.88
2.38
1.88
2.19
2.62
2.50
2.25
2.31
2.25
2.56
2.06
2.12
2.31
2.50
2.62
2.31
2.44
2.88
2.62
2.56
2.31
2.81
2.62
2.50
2.69
2.44
2.75
2.62
2.69
2.25
2.69
3.00
2.56
2.75
3.19
2.81
2.75
2.88
3.12
2.38
3.06
2.81
2.69
2.81
2.69
2.75
2.75
2.69
2.69
2.81
2.81
3.06
3.00
2.69
2.81
2.56
2.38
2.75
2.81
2.81
2.75
3.06
3.25
2.75
2.81
2.50
2.81
2.81
2.81
3.06
2.88
2.69
2.88
2.88
2.50
2.94
2.75
3.50
3.06
3.50
2.69
3.75
3.19
3.50
3.00
2.88
3.31
3.19
3.25
3.00
2.69
3.56
2.81
3.25
2.94
2.88
3.06
3.00
2.69
3.12
3.00
2.88
2.88
2.56
3.25
3.19
2.81
2.94
3.44
3.56
3.19
3.38
3.38
3.19
3.62
2.88
3.00
3.38
3.31
3.00
2.81
3.19
3.38
3.19
2.88
2.75
2.75
3.19
3.38
3.25
3.07
3.24
3.12
3.25
3.12
2.88
3.06
3.00
3.19
3.00
3.15
2.11
2.88
2.88
2.81
2.88
2.44
2.25
2.53
2.59
3.27
2.67
2.47
2.53
2.25
2.38
2.75
2.31
2.73
2.41
2.62
2.44
2.81
2.62
3.00
2.19
2.47
2.06
2.12
2.43
2.61
2.62
2.44
1.93
2.65
2.07
2.12
2.75
2.50
2.53
2.53
2.12
2.44
2.38
2.88
2.12
2.62
3.00
2.69
2.44
2.56
2.94
2.94
2.62
2.88
2.94
2.75
2.69
3.12
2.31
2.94
2.69
3.25
2.93
2.65
2.50
2.94
2.81
2.81
2.75
2.06
2.62
3.25
2.81
2.50
2.81
2.69
2.75
2.75
2.56
2.94
2.62
2.56
2.88
3.12
2.88
2.94
3.31
2.88
3.00
3.06
3.25
2.50
3.00
2.62
2.88
2.88
2.69
2.94
2.56
2.56
2.94
3.31
2.75
3.19
3.31
2.50
3.62
3.12
3.06
3.19
2.94
3.00
3.12
2.75
2.88
3.00
3.06
3.06
3.44
3.25
2.94
3.19
2.50
3.00
3.44
3.19
3.06
2.75
3.25
2.19
2.69
2.94
3.38
3.56
2.75
3.31
3.12
3.19
3.06
3.06
3.31
2.87
2.76
2.81
3.00
3.00
3.38
3.12
3.38
3.12
3.25
3.38
3.31
2.88
3.12
3.38
3.06
3.25
3.31
2.81
3.13
3.06
3.06
2.88
2.56
3.12
2.88
2.69
3.25
2.81
3.31
3.12
2.73
2.71
2.93
2.41
2.44
2.67
2.53
2.88
2.88
2.94
3.38
2.81
2.38
2.73
2.88
2.38
2.88
2.38
2.88
2.80
2.88
2.56
2.94
3.07
2.33
3.00
2.25
2.75
2.75
2.62
2.13
2.41
2.56
2.14
1.85
1.81
2.56
2.50
2.12
1.94
2.56
2.56
2.56
2.62
2.25
2.12
2.31
2.44
2.75
2.38
2.69
2.38
2.19
2.44
2.19
2.81
2.62
2.81
3.38
2.56
2.69
2.73
2.94
2.50
2.75
2.94
2.56
2.38
2.62
2.31
3.00
3.00
2.69
3.12
2.75
2.94
3.00
3.00
3.25
2.69
2.88
2.94
2.81
2.50
2.94
2.62
2.69
2.94
2.94
2.81
2.56
2.81
2.56
2.75
2.69
3.00
3.06
3.00
2.38
2.38
2.67
2.59
3.00
2.69
2.75
2.88
2.38
3.00
2.75
2.88
2.88
2.56
2.25
3.06
2.81
2.56
3.00
3.06
2.50
2.38
2.88
2.25
2.50
2.88
3.12
3.38
2.62
2.44
2.81
2.69
2.94
2.69
3.00
3.25
3.25
3.12
3.06
2.56
2.62
3.38
2.56
3.00
2.44
2.81
2.56
2.88
2.62
2.50
3.12
2.88
2.75
3.31
2.94
2.88
3.19
2.88
2.94
2.62
2.62
2.81
3.12
2.69
2.56
3.19
3.06
2.88
2.94
2.53
2.40
2.53
2.73
2.73
3.00
2.47
3.00
3.13
2.73
2.80
2.87
2.73
2.53
3.00
2.80
2.77
3.50
2.33
2.67
3.33
2.92
2.50
3.25
2.42
2.92
3.08
3.33
3.00
3.00
3.00
2.58
2.91
1.91
2.50
2.50
2.90
2.70
2.44
2.78
2.75
3.29
3.00
2.86
2.43
3.57
3.29
3.71
3.43
3.14
2.86
3.00
3.33
3.00
3.17
2.80
3.80
2.20
3.40
2.80
2.40
2.80
2.80
2.80
2.00
2.80
2.60
3.50
4.00
2.50
3.00
3.00
4.00
3.67
2.50
3.00
1.00
2.50
3.50
4.00
4.00
3.00
2.00
1.00
1.00
3.00
3.00
3.00
2.00
3.00
3.00
1.00
2.00
4.00
2.00
1.00
2.00
2.00
3.00
3.00
3.00
1.00
1.00
1.00
1.00
1.00
