1.00
2.00
2.00
1.00
2.00
2.00
2.00
1.00
1.00
1.00
1.00
2.00
2.00
1.00
1.00
1.00
1.00
2.00
1.00
1.00
1.00
1.00
1.00
1.44
1.97
2.22
2.19
1.94
1.97
1.91
2.06
2.28
2.16
2.25
2.47
2.34
2.19
2.47
2.44
2.28
2.81
2.34
2.28
2.44
2.41
2.47
2.47
2.56
2.41
2.41
2.38
2.19
2.50
2.16
2.38
2.62
2.62
2.53
2.62
2.69
2.50
2.28
2.44
2.53
2.59
2.38
2.62
2.56
2.84
2.78
2.88
2.53
2.88
2.78
2.84
2.66
2.75
2.44
2.75
2.91
2.69
2.72
3.00
2.75
2.88
2.75
3.00
2.69
2.75
3.00
2.84
3.06
2.75
2.75
3.03
2.69
2.66
3.06
3.00
2.88
2.94
2.84
3.09
3.22
2.97
2.88
2.78
2.72
2.94
2.78
2.97
3.09
3.19
2.91
2.91
2.59
2.72
3.00
2.84
2.81
2.91
2.72
2.97
2.84
2.84
2.69
3.06
2.97
3.22
3.00
3.25
3.00
3.19
3.06
3.50
2.75
2.91
3.03
3.28
3.16
3.25
2.88
3.66
2.75
2.97
2.78
3.00
2.97
3.12
2.78
3.09
3.16
3.25
2.88
3.06
3.19
3.34
3.00
3.19
3.31
3.06
3.28
3.19
2.97
3.19
3.31
3.09
2.74
3.15
3.03
2.84
2.97
2.76
3.03
3.09
2.72
2.84
2.56
2.88
3.00
2.79
3.35
2.97
2.88
3.00
2.56
2.97
2.81
3.09
3.31
2.87
2.66
2.78
2.97
2.84
2.74
2.67
2.84
2.21
2.65
2.56
2.90
2.47
2.65
2.18
2.29
2.42
2.25
2.29
2.44
2.31
2.41
2.50
2.81
3.00
2.68
2.24
2.56
2.59
2.63
2.43
2.55
2.39
2.59
2.61
2.68
2.55
2.33
2.66
2.94
2.56
2.72
2.50
2.97
2.88
2.94
2.72
2.81
2.72
2.66
2.50
3.06
3.00
2.56
2.72
2.94
2.78
3.03
3.18
3.00
2.91
2.72
2.81
2.91
2.66
2.69
2.84
2.36
2.53
2.44
2.75
2.97
3.00
2.66
3.16
2.81
2.97
2.94
3.00
2.78
2.88
2.91
2.72
3.00
2.75
2.84
2.78
3.12
2.78
2.75
2.84
2.75
2.66
2.56
2.94
2.94
2.84
2.91
3.06
2.94
2.94
2.91
2.69
2.66
2.84
2.88
3.00
2.78
3.00
2.66
2.97
2.66
2.56
2.97
2.66
2.94
2.34
3.12
3.12
2.81
2.91
3.09
3.16
2.56
2.88
2.75
2.91
3.09
3.06
3.16
2.84
2.81
2.72
2.94
3.22
2.75
2.94
2.78
2.72
2.94
3.00
2.94
2.73
2.53
2.94
2.56
2.81
2.81
2.69
2.72
2.84
2.66
2.90
3.00
2.72
2.72
2.84
3.03
3.00
2.94
2.91
2.94
2.85
2.94
2.88
3.12
2.52
2.85
3.06
2.53
2.88
3.13
2.48
2.84
2.84
2.84
2.72
2.72
2.90
2.43
2.58
2.36
2.62
2.69
2.94
2.46
2.53
2.62
2.29
2.64
2.75
2.72
2.44
2.74
2.21
2.88
2.69
2.78
2.58
2.38
2.53
2.47
2.72
2.58
2.61
2.90
2.64
2.50
2.81
2.34
2.74
2.67
2.72
2.66
2.59
2.59
2.28
2.65
2.29
2.44
2.77
2.29
2.50
2.97
2.84
2.50
2.50
2.50
2.69
2.78
2.68
2.30
2.88
2.52
2.39
2.53
2.50
2.44
2.72
2.69
2.69
2.59
2.59
2.55
2.55
2.50
2.03
2.70
2.66
2.28
2.72
2.81
2.47
2.78
2.19
2.34
2.77
2.64
2.56
2.94
2.75
2.31
2.72
2.34
2.23
2.42
2.72
2.28
2.45
2.52
2.75
2.69
2.50
2.66
2.38
2.31
2.50
2.62
2.75
2.59
2.84
2.59
2.59
2.62
2.59
2.62
2.41
2.47
2.50
2.81
2.72
2.75
2.59
2.41
2.94
2.88
3.19
2.94
3.22
2.88
2.97
3.00
3.03
2.97
3.03
2.71
2.90
2.71
3.03
3.06
2.55
2.35
2.81
2.84
2.87
3.16
2.97
2.94
2.94
2.87
3.06
2.71
2.87
2.73
2.67
2.93
3.23
2.93
2.90
2.90
2.67
2.73
2.97
3.03
3.00
3.07
2.76
3.28
2.79
2.72
3.00
3.00
2.82
2.71
2.68
2.79
3.36
3.29
3.04
3.11
2.75
2.30
2.65
3.35
2.80
2.76
3.08
3.00
2.72
2.92
2.76
3.00
2.80
3.00
3.21
2.73
2.55
2.77
2.59
2.86
2.40
2.47
2.63
2.53
2.63
2.61
2.78
2.44
2.67
2.83
2.94
2.67
3.06
2.53
2.12
2.88
2.53
3.06
2.56
2.81
2.33
2.27
2.73
3.07
2.64
2.71
2.36
2.93
2.71
3.07
2.43
2.43
2.62
2.54
2.77
3.23
2.15
2.45
2.82
3.18
2.27
2.73
2.18
2.64
1.90
2.50
2.80
2.50
1.90
2.60
2.40
2.12
2.25
2.00
2.00
1.86
2.83
2.00
3.33
3.00
2.83
2.80
2.20
2.60
2.00
3.00
2.25
2.50
2.50
3.00
2.00
2.50
2.25
2.00
3.25
3.25
2.00
2.75
2.75
3.25
2.50
4.00
2.75
2.33
4.00
3.00
4.00
3.00
2.50
3.00
2.00
3.00
2.00
4.00
2.00
3.00
2.00
3.00
2.00
3.00
3.00
4.00
3.00
3.00
4.00
4.00
4.00
4.00
1.00
4.00
4.00
1.00
