1.00
2.00
2.00
1.00
2.00
2.00
2.00
1.00
1.00
1.00
1.00
2.00
2.00
1.00
1.00
1.00
1.00
2.00
1.00
1.00
1.00
1.00
1.00
1.56
2.12
2.12
2.00
1.88
1.75
1.88
2.00
2.25
2.12
2.50
1.75
2.25
1.88
1.75
2.12
1.75
2.25
1.38
2.12
2.00
2.00
2.50
2.75
2.38
2.00
2.50
2.62
2.00
2.38
1.75
2.12
1.88
2.25
2.12
2.12
1.88
2.62
2.00
2.38
2.38
2.38
2.50
2.25
1.88
2.62
2.75
2.38
2.38
3.12
2.62
2.50
3.00
2.75
2.50
2.75
3.12
1.88
2.62
2.25
2.12
2.25
3.25
2.00
2.88
3.25
3.12
2.38
2.50
2.50
2.50
2.38
2.25
2.50
2.12
2.62
2.38
2.00
2.50
2.50
3.25
3.00
2.88
2.50
2.12
2.62
3.38
2.75
2.38
3.12
2.88
2.88
2.50
2.38
2.50
2.25
3.12
2.75
2.88
2.75
3.25
2.88
2.62
2.88
2.50
3.50
3.00
3.75
2.50
3.75
3.12
3.38
2.88
2.88
3.00
2.88
3.38
2.12
2.62
3.75
2.38
2.88
2.38
1.88
2.88
2.75
1.88
2.75
2.50
3.00
2.62
2.50
3.25
3.25
2.88
3.50
3.00
3.12
2.62
3.00
2.88
2.62
3.00
2.38
3.12
3.25
2.62
2.75
2.50
2.75
2.62
2.88
2.88
3.12
2.88
2.62
2.62
2.25
2.62
2.75
2.75
2.88
3.00
3.12
2.50
3.12
2.62
2.88
3.00
3.00
3.25
3.12
3.00
3.12
2.88
2.25
2.43
2.33
2.62
2.43
2.00
2.25
1.62
2.00
2.38
1.75
1.71
2.11
2.00
2.50
2.62
2.75
2.88
2.38
2.25
1.88
2.00
2.00
1.89
2.88
2.75
2.50
3.00
2.44
2.86
2.33
2.12
2.57
2.33
2.75
2.38
1.62
2.00
2.38
2.50
2.25
2.88
2.38
2.12
3.12
2.50
2.25
2.12
2.62
2.50
2.38
1.75
2.50
2.38
2.38
2.38
2.00
1.89
2.12
2.50
2.62
2.12
1.62
2.12
2.25
2.50
2.12
2.62
2.25
2.12
2.50
2.38
2.38
2.62
2.75
2.62
2.38
2.25
2.75
2.62
2.38
2.62
3.38
3.12
2.50
2.50
2.88
2.88
2.62
3.50
3.62
3.38
3.12
2.62
3.25
3.00
2.88
2.75
2.88
3.25
3.25
3.00
3.38
3.00
3.12
2.62
3.12
3.12
3.12
3.50
2.88
3.50
3.50
2.88
2.62
2.62
2.25
3.00
3.75
3.38
3.75
3.38
3.62
3.75
3.12
3.00
3.25
2.75
3.25
2.38
2.50
3.50
3.00
2.75
3.75
2.62
3.12
3.25
3.12
3.62
3.25
3.88
3.62
2.75
3.62
3.12
3.12
3.38
3.38
2.50
3.50
3.75
3.38
3.12
3.38
3.12
3.38
3.88
3.50
3.75
4.00
3.25
3.62
3.12
3.50
2.62
3.38
3.88
3.50
3.50
3.57
3.00
3.25
3.62
3.38
3.25
3.62
3.38
2.88
3.00
2.38
2.14
2.22
3.29
2.78
2.88
2.75
3.00
2.75
3.12
3.00
3.38
3.25
2.88
2.12
2.50
2.29
2.78
2.29
2.67
2.12
2.12
2.50
2.88
2.25
2.25
2.00
2.75
2.75
2.75
2.88
3.12
2.62
2.62
3.25
2.29
2.33
2.88
2.75
3.12
2.88
2.88
2.50
2.50
2.50
2.38
2.62
3.12
2.75
3.14
2.00
3.00
2.50
3.38
2.75
2.38
2.75
3.14
3.11
1.75
2.75
2.62
2.38
2.88
3.38
3.25
2.88
2.88
2.62
2.38
3.12
2.38
3.50
2.38
2.88
2.50
2.50
2.38
3.38
3.38
2.50
2.25
3.00
3.00
3.00
2.88
3.50
2.88
2.12
3.50
3.00
3.25
2.75
2.50
3.62
3.00
2.62
2.88
2.00
3.12
2.12
2.75
3.12
2.75
2.75
3.12
3.00
3.62
3.25
3.50
3.12
2.50
3.50
3.12
2.75
3.12
2.62
2.25
2.75
3.50
3.38
2.88
3.25
3.12
3.38
3.25
3.00
3.75
3.25
3.12
3.00
3.00
3.38
2.88
3.62
3.50
3.62
2.38
3.50
3.00
2.88
2.88
3.12
2.88
2.88
3.38
2.62
2.88
3.12
3.00
3.00
2.88
3.00
2.88
3.12
3.00
2.50
2.50
3.14
3.29
3.14
3.14
3.00
3.43
3.14
2.86
3.00
3.14
2.86
3.00
3.29
2.71
3.83
2.67
2.67
2.83
2.83
2.83
3.20
3.00
2.00
3.60
3.00
2.60
3.00
2.80
2.60
2.60
3.20
3.00
2.80
2.40
3.60
3.20
3.00
3.00
3.40
3.00
3.25
2.75
3.67
3.33
2.67
4.00
3.67
4.00
4.00
3.33
2.67
3.00
3.00
3.00
1.50
1.50
3.00
1.50
3.00
2.00
1.50
4.00
3.00
2.00
2.00
4.00
4.00
3.00
4.00
4.00
4.00
4.00
3.00
4.00
4.00
3.00
4.00
4.00
4.00
4.00
4.00
4.00
4.00
4.00
4.00
4.00
4.00
4.00
4.00
4.00
4.00
4.00
4.00
